7 27
8 3
8 21
8 22
8 45
8 54
8 41
8 31
8 51
8 50
9 7
8 26
8 44
9 16
8 50
9 13
9 12
9 10
9 5
9 7
9 18
9 23
9 40
10 15
10 3
9 38
9 48
9 33
9 41
9 46
9 58
9 52
10 5
9 47
10 11
10 5
10 22
10 21
10 30
10 35
10 13
10 27
10 33
10 43
10 43
10 27
10 38
10 23
11 18
10 51
11 7
10 49
10 58
10 56
10 59
10 47
11 26
11 14
11 10
11 10
11 18
11 28
11 37
11 25
24 14
11 27
11 37
24 18
11 49
11 55
24 6
24 45
11 34
11 54
24 41
11 47
24 24
24 0
24 4
11 53
24 28
24 24
11 57
24 12
24 9
15 2
24 22
24 50
24 49
13 45
24 38
24 47
13 5
24 45
13 2
13 5
24 37
13 58
14 2
13 9
13 15
13 7
13 1
13 22
24 58
13 5
13 35
13 53
24 45
13 39
13 55
13 12
13 32
13 16
14 14
14 11
13 31
13 38
14 7
14 20
13 56
14 29
15 4
14 24
14 10
15 25
13 52
14 28
13 57
14 5
14 17
14 54
14 40
15 8
15 38
14 21
15 18
14 50
15 29
14 22
14 57
15 46
15 36
14 51
14 29
15 4
15 12
14 59
14 57
16 20
15 14
15 9
15 15
16 4
15 44
16 17
16 25
14 56
15 24
15 42
15 23
15 36
15 40
15 56
15 48
15 16
15 43
16 32
15 57
16 2
16 23
16 12
16 7
15 58
16 37
16 40
15 58
16 9
16 7
16 3
15 53
16 20
16 13
17 1
16 40
16 49
16 25
16 26
16 43
16 32
16 47
16 53
16 56
16 39
16 43
18 7
16 47
16 34
17 15
17 9
17 15
17 1
17 10
17 10
17 6
17 6
17 20
16 52
16 58
17 6
17 38
17 52
17 31
17 31
17 29
17 23
17 33
17 29
17 21
17 45
17 42
18 9
17 52
18 19
19 6
17 42
17 47
17 57
18 8
18 23
18 1
18 16
18 24
18 10
18 14
18 38
18 28
18 39
18 30
18 20
18 51
19 1
19 22
18 56
18 47
20 29
18 39
18 53
19 16
18 54
19 0
19 50
18 56
19 34
19 57
19 2
19 26
19 18
19 11
18 57
19 34
19 27
19 39
19 17
19 37
19 59
19 41
19 36
19 43
19 47
19 52
19 29
20 3
20 8
20 35
20 4
20 4
20 4
20 8
20 1
19 58
20 22
20 17
20 17
20 17
20 17
20 17
19 48
20 8
20 8
20 24
20 14
20 14
20 17
20 17
20 31
20 31
20 42
20 42
20 35
20 35
20 35
20 35
20 47
20 47
20 37
20 37
21 12
20 26
20 26
20 26
20 26
21 7
21 7
21 7
20 56
20 56
20 56
20 54
20 54
20 54
21 0
20 49
21 3
21 3
21 0
21 0
21 0
21 0
21 21
21 21
21 35
21 35
20 51
20 51
20 51
21 1
21 1
21 1
21 17
21 17
21 18
21 49
21 37
21 31
22 0
21 30
21 55
21 38
21 32
21 51
22 28
21 49
21 43
21 50
22 3
22 2
23 47
22 4
22 54
22 14
22 31
22 10
22 16
22 23
22 18
22 19
22 24
22 37
22 8
22 54
22 39
23 7
22 40
22 41
22 30
23 28
22 55
22 47
22 33
22 38
23 24
23 4
23 30
23 24
12 28
12 28
12 28
23 0
23 33
23 33
23 33
23 50
23 54
23 21
23 8
23 8
23 8
23 45
23 45
23 12
23 21
23 21
23 58
12 29
12 29
12 9
12 9
12 9
23 45
12 6
12 6
23 33
23 33
23 33
23 50
23 36
23 36
23 16
23 16
23 42
23 42
23 42
23 42
23 38
23 38
23 38
23 38
23 17
23 36
12 47
12 3
12 3
23 43
23 43
23 43
12 55
12 54
23 52
